1.3214000000e-02
1.3571400000e-01
2.6428600000e-01
4.0892900000e-01
5.5392900000e-01
7.1750000000e-01
6.7821400000e-01
1.1100000000e+00
1.3207140000e+00
7.1400000000e-04
1.5178600000e-01
3.1071400000e-01
5.3821400000e-01
7.0928600000e-01
8.8464300000e-01
1.1125000000e+00
1.2321430000e+00
1.4696430000e+00
1.6885710000e+00
6.1071000000e-02
2.0071400000e-01
3.6642900000e-01
5.7750000000e-01
7.9214300000e-01
1.0371430000e+00
1.2703570000e+00
1.4757140000e+00
1.5603570000e+00
3.1786000000e-02
2.0928600000e-01
3.7535700000e-01
5.6964300000e-01
7.7750000000e-01
9.5571400000e-01
9.6000000000e-01
1.2753570000e+00
1.2500000000e+00
1.3932140000e+00
1.1328570000e+00
1.2910710000e+00
5.2143000000e-02
2.1071400000e-01
3.8607100000e-01
5.6500000000e-01
7.2714300000e-01
7.8392900000e-01
1.0546430000e+00
1.1142860000e+00
1.2589290000e+00
1.2696430000e+00
1.3767860000e+00
1.5932140000e+00
1.7100000000e+00
4.0714000000e-02
2.0214300000e-01
3.7607100000e-01
5.5821400000e-01
7.2285700000e-01
8.9142900000e-01
1.0321430000e+00
1.1500000000e+00
1.2896430000e+00
1.4271430000e+00
1.5482140000e+00
1.6821430000e+00
1.7657140000e+00
1.9057140000e+00
1.9778570000e+00
5.2857000000e-02
2.0392900000e-01
3.6607100000e-01
5.3178600000e-01
6.8071400000e-01
8.2071400000e-01
9.6392900000e-01
1.1178570000e+00
1.2082140000e+00
1.3167860000e+00
1.4578570000e+00
1.5217860000e+00
5.8929000000e-02
1.9285700000e-01
3.5750000000e-01
5.1214300000e-01
6.5571400000e-01
8.0428600000e-01
9.3107100000e-01
1.0764290000e+00
1.1603570000e+00
1.3053570000e+00
1.4439290000e+00
1.5389290000e+00
1.6160710000e+00
1.7732140000e+00
1.8760710000e+00
6.8214000000e-02
2.0071400000e-01
3.4107100000e-01
4.8285700000e-01
6.1571400000e-01
7.3928600000e-01
8.6750000000e-01
9.8642900000e-01
1.0907140000e+00
1.1992860000e+00
1.2846430000e+00
1.3689290000e+00
1.4653570000e+00
1.5364290000e+00
1.6650000000e+00
5.1429000000e-02
1.8285700000e-01
3.2142900000e-01
4.5000000000e-01
5.7678600000e-01
6.9214300000e-01
8.0642900000e-01
9.2821400000e-01
1.0328570000e+00
1.1103570000e+00
1.2085710000e+00
1.3057140000e+00
1.3571430000e+00
1.4560710000e+00
1.5032140000e+00
