1.9500167449e-02
1.6165342449e-02
9.1611697960e-03
3.5694167041e-02
3.8164357449e-02
5.7771487449e-02
2.6338860980e-01
1.0937174980e-01
2.2903020204e-01
1.7760324490e-03
1.4603097960e-03
1.4331524490e-03
4.6531497960e-03
3.2653224490e-03
3.2246497960e-03
1.0653129796e-02
8.0412512041e-02
3.9960097960e-03
1.3389729796e-02
5.7259704100e-04
5.2244244900e-04
1.8367224490e-03
2.6817897960e-03
1.0795824490e-03
2.0250000000e-03
9.0929574490e-03
2.2902924490e-03
1.9391428745e-01
4.6531497960e-03
4.9031244900e-04
3.0625000000e-04
3.5830704100e-04
6.7969704100e-04
2.5719097960e-03
1.2400469245e-01
9.7869470410e-03
3.8584352041e-02
9.2228556745e-01
1.1818799024e+00
4.1005708745e-01
7.3674244900e-04
2.4692979600e-04
2.1441744900e-04
4.9031244900e-04
2.1556520410e-03
1.0050062500e+00
1.3307237449e-02
4.7511518980e-01
5.8115227041e-02
2.7375288980e-01
2.2056454745e-01
2.4964312745e-01
3.3805968204e-01
2.9388244900e-04
1.1478979600e-04
6.7469796000e-05
9.6540704100e-04
5.5559204100e-04
5.2244244900e-04
4.0000000000e-04
6.0617124490e-03
5.5715774490e-03
1.5433897960e-03
4.5562500000e-03
3.0625000000e-02
8.4903324490e-03
2.2714709796e-02
3.1633112449e-02
1.4745244900e-04
9.2987449000e-05
1.0726744900e-04
1.0726744900e-04
4.2906979600e-04
1.1755297960e-03
1.1511770410e-03
2.7938624490e-03
1.6868270410e-03
1.5006250000e-02
4.2250000000e-03
7.5318097960e-03
1.0726744900e-04
4.2906979600e-04
3.5830704100e-04
1.8417204100e-04
2.9469697960e-03
1.6000000000e-03
3.9960097960e-03
2.2902924490e-03
1.2178667449e-02
6.5725070410e-03
7.6562500000e-03
8.2939270410e-03
1.7745969796e-02
6.1174297960e-03
2.3256250000e-02
1.0726744900e-04
5.8980979600e-04
1.2256704100e-04
1.1478979600e-04
4.5920204100e-04
1.9612497960e-03
1.1031697960e-03
1.7760324490e-03
5.4126920410e-03
3.8617524490e-03
1.0506250000e-02
8.2939270410e-03
2.7107317449e-02
4.2318249796e-02
1.5625000000e-02
3.4488204100e-04
2.2500000000e-04
1.3062204100e-04
1.0795824490e-03
6.7969704100e-04
2.1861692449e-02
2.2902924490e-03
1.5715674490e-03
2.7938730204e-01
1.8062500000e-03
1.8984320410e-03
1.6000000000e-03
5.5184097960e-03
1.8128737449e-02
1.9901027041e-02
