8.3632000000e-02
1.6702500000e-01
2.5065700000e-01
3.3428900000e-01
4.1792100000e-01
5.0131400000e-01
5.8494600000e-01
6.6857800000e-01
7.5197100000e-01
8.3393000000e-02
1.6678600000e-01
2.4994000000e-01
3.3333300000e-01
4.1672600000e-01
5.0011900000e-01
5.8327400000e-01
6.6666700000e-01
7.5006000000e-01
8.3345300000e-01
8.0765000000e-02
1.6129000000e-01
2.4205500000e-01
3.2258100000e-01
4.0334500000e-01
4.8387100000e-01
5.6439700000e-01
6.4516100000e-01
7.2568700000e-01
8.3393000000e-02
1.6678600000e-01
2.4994000000e-01
3.3333300000e-01
4.1672600000e-01
4.9988100000e-01
5.8327400000e-01
6.6666700000e-01
7.5006000000e-01
8.3345300000e-01
9.1660700000e-01
1.0000000000e+00
8.3393000000e-02
1.6678600000e-01
2.4994000000e-01
3.3333300000e-01
4.1672600000e-01
5.0011900000e-01
5.8327400000e-01
6.6666700000e-01
7.5006000000e-01
8.3345300000e-01
9.1660700000e-01
1.0000000000e+00
1.0833930000e+00
8.3393000000e-02
1.6678600000e-01
2.4994000000e-01
3.3333300000e-01
4.1672600000e-01
5.0011900000e-01
5.8327400000e-01
6.6666700000e-01
7.5006000000e-01
8.3345300000e-01
9.1660700000e-01
1.0000000000e+00
1.0833930000e+00
1.1667860000e+00
1.2499400000e+00
8.3393000000e-02
1.6678600000e-01
2.4994000000e-01
3.3333300000e-01
4.1672600000e-01
4.9988100000e-01
5.8327400000e-01
6.6666700000e-01
7.5006000000e-01
8.3345300000e-01
9.1660700000e-01
1.0000000000e+00
8.3393000000e-02
1.6678600000e-01
2.4994000000e-01
3.3333300000e-01
4.1672600000e-01
5.0011900000e-01
5.8327400000e-01
6.6666700000e-01
7.5006000000e-01
8.3345300000e-01
9.1660700000e-01
1.0000000000e+00
1.0833930000e+00
1.1667860000e+00
1.2499400000e+00
8.3393000000e-02
1.6678600000e-01
2.4994000000e-01
3.3333300000e-01
4.1672600000e-01
4.9988100000e-01
5.8327400000e-01
6.6666700000e-01
7.5006000000e-01
8.3345300000e-01
9.1660700000e-01
1.0000000000e+00
1.0833930000e+00
1.1665470000e+00
1.2499400000e+00
8.3393000000e-02
1.6678600000e-01
2.4994000000e-01
3.3333300000e-01
4.1672600000e-01
5.0011900000e-01
5.8327400000e-01
6.6666700000e-01
7.5006000000e-01
8.3321400000e-01
9.1660700000e-01
1.0000000000e+00
1.0833930000e+00
1.1665470000e+00
1.2499400000e+00
