0.456000
0.412000
0.403000
0.321478
0.338000
0.318000
0.104000
0.345000
0.387000
0.345000
0.364000
0.837650
0.601505
0.506162
0.364345
0.301047
0.315919
0.358827
0.150692
0.084759
0.300808
0.364504
0.389920
0.115118
0.094661
0.090938
0.922000
0.609000
0.524000
0.485000
0.402000
0.324000
0.321000
0.319000
0.530000
0.211000
0.229000
0.194000
0.154000
0.101000
0.119000
0.301000
0.362000
0.388000
0.402000
0.422000
0.425000
0.085000
0.129000
0.126000
0.290000
0.110000
0.050000
0.070000
0.070000
0.070000
0.100000
