0.002809000000000
0.001369000000000
0.000961000000000
0.001016366357197
0.000841000000000
0.000784000000000
0.000676000000000
0.000961000000000
0.000484000000000
0.000441000000000
0.001936000000000
0.003657987649690
0.000781979703210
0.000668848216410
0.000319083196410
0.000372694620383
0.000412971490890
0.004891547648160
0.003048287647690
0.002633352382440
0.000264865860090
0.000330996164890
0.000991147806250
0.001317610141210
0.002447290794010
0.001608643642410
0.007744000000000
0.002809000000000
0.001296000000000
0.000729000000000
0.001521000000000
0.000289000000000
0.000441000000000
0.000361000000000
0.028900000000000
0.011236000000000
0.005929000000000
0.003600000000000
0.008464000000000
0.001764000000000
0.002601000000000
0.000729000000000
0.000841000000000
0.001089000000000
0.000784000000000
0.001225000000000
0.000676000000000
0.001521000000000
0.001444000000000
0.001024000000000
0.003600000000000
0.000900000000000
0.000400000000000
0.000900000000000
0.000900000000000
0.000900000000000
0.000900000000000
